---
version:
  config: 1485894924
  puppet: 4.8.2
resources:
  changed: 1
  corrective_change: 0
  failed: 0
  failed_to_restart: 0
  out_of_sync: 1
  restarted: 0
  scheduled: 0
  skipped: 0
  total: 8
time:
  config_retrieval: 0.19806551
  filebucket: 0.000103062
  notify: 0.001832866
  schedule: 0.000560824
  total: 0.200562262
  last_run: 1485894924
changes:
  total: 1
events:
  failure: 0
  success: 1
  total: 1
